lastAccountName: WGameYT
timestamps:
  login: 1526104920208
  logout: 1526105005041
ipAddress: 0:0:0:0:0:0:0:1
lastlocation:
  world: WhipRealm (Minecraft )
  x: -7.482445164174583
  y: 83.47246625549535
  z: -200.53825782824777
  yaw: 181.3135
  pitch: 22.506678
logoutlocation:
  world: WhipRealm (Minecraft )
  x: -5.2173694941719
  y: 80.0
  z: -188.79740187909692
  yaw: -74.714905
  pitch: 4.8242645
